1         1
2         0.999992787837982
3         0.999992787837982
4         0.999992787837982
5         0.999992787837982
6         0.999555170536041
7         0.999512553215027
8         0.999150335788727
9         0.998639941215515
10         0.997981488704681
11         0.997957348823547
12         0.997487306594849
13         0.997435033321381
14         0.996808469295502
15         0.996740996837616
16         0.995851993560791
17         0.995740056037903
18         0.994533777236938
19         0.994386851787567
20         0.992620348930359
21         0.992434799671173
22         0.990508794784546
23         0.990320444107056
24         0.988015711307526
25         0.987790524959564
26         0.98503714799881
27         0.984767735004425
28         0.983059048652649
29         0.975577354431152
30         0.969416320323944
31         0.96734893321991
32         0.962999701499939
33         0.962786734104156
34         0.962708592414856
35         0.961086213588715
36         0.960977971553802
37         0.960782110691071
38         0.954834342002869
39         0.954589545726776
40         0.954462826251984
41         0.951601028442383
42         0.951424717903137
43         0.951221227645874
44         0.936180889606476
45         0.934349775314331
46         0.853836119174957
47         0.7789146900177
48         0.572018384933472
49         0.389594972133636
50         0.379226744174957
51         0.294983714818954
52         0.252060741186142
53         0.245880976319313
54         0.239093229174614
55         0.188465610146523
56         0.125047251582146
57         0.0636537298560143
58         0.0387538224458694
59         -0.123196877539158
60         -0.14453586935997
61         -0.216601774096489
62         -0.225021705031395
63         -0.225970193743706
64         -0.228372886776924
65         -0.233393624424934
66         -0.233488276600838
67         -0.233862742781639
68         -0.233930289745331
69         -0.240261182188988
70         -0.240904375910759
71         -0.241134762763977
72         -0.245340779423714
73         -0.245472714304924
74         -0.248649299144745
75         -0.249157041311264
76         -0.249178752303123
77         -0.249226793646812
78         -0.249617889523506
79         -0.250505447387695
80         -0.250544965267181
81         -0.25056591629982
82         -0.256107091903687
83         -0.261137813329697
84         -0.261156678199768
85         -0.261200457811356
86         -0.262019783258438
87         -0.26236879825592
88         -0.262400209903717
89         -0.262420564889908
90         -0.265498608350754
91         -0.265591323375702
92         -0.26825937628746
93         -0.268379062414169
94         -0.268683642148972
95         -0.271347224712372
96         -0.271377056837082
97         -0.271489709615707
98         -0.271512866020203
99         -0.271569430828094
100         -0.272685110569
101         -0.272874236106873
102         -0.272962957620621
103         -0.273126602172852
104         -0.275614470243454
105         -0.288803905248642
106         -0.292560130357742
107         -0.321911811828613
108         -0.326386034488678
109         -0.339457631111145
110         -0.348633170127869
111         -0.357532113790512
112         -0.358729600906372
113         -0.359897881746292
114         -0.368478864431381
115         -0.379193693399429
116         -0.389530599117279
117         -0.393711924552917
118         -0.420764982700348
119         -0.424311310052872
120         -0.436215609312057
121         -0.437595427036285
122         -0.437745481729507
123         -0.4381063580513
124         -0.438837200403214
125         -0.438850432634354
126         -0.438852280378342
127         -0.43884202837944
128         -0.437829196453094
129         -0.437722980976105
130         -0.43766063451767
131         -0.436021834611893
132         -0.435958951711655
133         -0.434147834777832
134         -0.433856010437012
135         -0.433843046426773
136         -0.433811098337173
137         -0.433530658483505
138         -0.432885557413101
139         -0.432854801416397
140         -0.432837247848511
141         -0.428077220916748
142         -0.423672914505005
143         -0.423655837774277
144         -0.423612862825394
145         -0.42275482416153
146         -0.422384589910507
147         -0.422349214553833
148         -0.422324359416962
149         -0.418436199426651
150         -0.418302178382874
151         -0.413892924785614
152         -0.413651794195175
153         -0.412901520729065
154         -0.406261920928955
155         -0.406186252832413
156         -0.405771732330322
157         -0.405637979507446
158         -0.405301511287689
159         -0.398544758558273
160         -0.397382915019989
161         -0.39683324098587
162         -0.395787626504898
163         -0.379421800374985
164         -0.292199999094009
165         -0.267245501279831
166         -0.071479357779026
167         -0.0415158197283745
168         0.04622483253479
169         0.107977762818336
170         0.168001189827919
171         0.176177799701691
172         0.183935537934303
173         0.192339211702347
174         0.238680586218834
175         0.310473799705505
176         0.333810776472092
177         0.426548808813095
178         0.523935794830322
179         0.555262684822083
180         0.55554062128067
181         0.556319534778595
182         0.57466197013855
183         0.575919210910797
184         0.577385663986206
185         0.579140782356262
186         0.580818712711334
187         0.582419276237488
188         0.583942234516144
189         0.585387349128723
190         0.586754500865936
191         0.588043451309204
192         0.589254021644592
193         0.590386092662811
194         0.591439485549927
195         0.592414081096649
196         0.593309760093689
197         0.594126343727112
198         0.594863772392273
199         0.595521926879883
200         0.596100747585297
201         0.596600115299225
202         0.597020030021667
203         0.597360372543335
204         0.597621083259583
205         0.597761452198029
206         0.597822964191437
207         0.598114013671875
208         0.598403215408325
209         0.598413288593292
210         0.598415791988373
211         0.59864354133606
212         0.599282145500183
213         0.599607169628143
214         0.599730551242828
215         0.599741458892822
216         0.599745988845825
