1         1
2         0.999997675418854
3         0.999997675418854
4         0.999997675418854
5         0.999997675418854
6         0.999997675418854
7         0.999997675418854
8         0.999728381633759
9         0.999565184116364
10         0.999354600906372
11         0.999346852302551
12         0.999196410179138
13         0.999179661273956
14         0.998979091644287
15         0.998957514762878
16         0.998672902584076
17         0.998637080192566
18         0.998250722885132
19         0.998203635215759
20         0.997637689113617
21         0.997578203678131
22         0.996960818767548
23         0.99690043926239
24         0.996161162853241
25         0.996088922023773
26         0.995205104351044
27         0.99511855840683
28         0.994569480419159
29         0.992165267467499
30         0.990185081958771
31         0.989520311355591
32         0.988120913505554
33         0.988052308559418
34         0.988027095794678
35         0.987502932548523
36         0.98746794462204
37         0.987404525279999
38         0.985476613044739
39         0.985397160053253
40         0.985355973243713
41         0.984424948692322
42         0.984367489814758
43         0.984301090240479
44         0.979390859603882
45         0.978792905807495
46         0.952494561672211
47         0.928018152713776
48         0.86041396856308
49         0.800790011882782
50         0.797398746013641
51         0.769826948642731
52         0.755774557590485
53         0.753745377063751
54         0.751503884792328
55         0.734732091426849
56         0.713708341121674
57         0.693339109420776
58         0.685072243213654
59         0.631230413913727
60         0.624125003814697
61         0.600084006786346
62         0.597267866134644
63         0.596947073936462
64         0.596121609210968
65         0.594381213188171
66         0.594348013401031
67         0.594182968139648
68         0.594146132469177
69         0.590656995773315
70         0.590300261974335
71         0.590156078338623
72         0.587185978889465
73         0.587085008621216
74         0.584452509880066
75         0.584030151367188
76         0.584011733531952
77         0.583968818187714
78         0.583605468273163
79         0.582774996757507
80         0.582736611366272
81         0.582715392112732
82         0.577029466629028
83         0.571810245513916
84         0.571790277957916
85         0.57174164056778
86         0.570793747901917
87         0.570386648178101
88         0.570348560810089
89         0.570322513580322
90         0.566298127174377
91         0.566165030002594
92         0.561948716640472
93         0.561729073524475
94         0.561073839664459
95         0.555288851261139
96         0.555223166942596
97         0.554883778095245
98         0.554779589176178
99         0.554518282413483
100         0.549278676509857
101         0.548378765583038
102         0.547953307628632
103         0.547146022319794
104         0.534538924694061
105         0.467374682426453
106         0.448162645101547
107         0.297467529773712
108         0.274400264024734
109         0.206848561763763
110         0.159297406673431
111         0.113070100545883
112         0.106765501201153
113         0.10045812278986
114         0.0534763634204865
115         -0.00536161148920655
116         -0.062310453504324
117         -0.0854055061936378
118         -0.235594749450684
119         -0.255385786294937
120         -0.322233468294144
121         -0.330046415328979
122         -0.330927908420563
123         -0.333165913820267
124         -0.337848603725433
125         -0.337937027215958
126         -0.338300555944443
127         -0.338369011878967
128         -0.344798594713211
129         -0.345452755689621
130         -0.345693916082382
131         -0.350237905979156
132         -0.350383758544922
133         -0.35398080945015
134         -0.354556441307068
135         -0.354581207036972
136         -0.354636937379837
137         -0.355096638202667
138         -0.356142461299896
139         -0.356189638376236
140         -0.356215000152588
141         -0.362960189580917
142         -0.369109004735947
143         -0.369132250547409
144         -0.369187206029892
145         -0.370232045650482
146         -0.370678573846817
147         -0.370719373226166
148         -0.370746433734894
149         -0.374877721071243
150         -0.375007480382919
151         -0.378914564847946
152         -0.379103571176529
153         -0.379627883434296
154         -0.384237945079803
155         -0.384290009737015
156         -0.384527832269669
157         -0.384592294692993
158         -0.384752839803696
159         -0.387957870960236
160         -0.388506472110748
161         -0.388765335083008
162         -0.38925302028656
163         -0.396818101406097
164         -0.437072992324829
165         -0.448575794696808
166         -0.538721799850464
167         -0.552508056163788
168         -0.592859983444214
169         -0.621247828006744
170         -0.648831844329834
171         -0.652583658695221
172         -0.65613329410553
173         -0.659972965717316
174         -0.681142330169678
175         -0.713925659656525
176         -0.724579274654388
177         -0.766903460025787
178         -0.811336696147919
179         -0.825627863407135
180         -0.825754642486572
181         -0.826109886169434
182         -0.834473371505737
183         -0.835046410560608
184         -0.835714340209961
185         -0.836513102054596
186         -0.8372762799263
187         -0.838003754615784
188         -0.838695526123047
189         -0.83935159444809
190         -0.839971899986267
191         -0.840556442737579
192         -0.841105222702026
193         -0.841618180274963
194         -0.842095255851746
195         -0.842536509037018
196         -0.84294182062149
197         -0.843311250209808
198         -0.843644797801971
199         -0.843942403793335
200         -0.844204068183899
201         -0.844429790973663
202         -0.844619512557983
203         -0.844773292541504
204         -0.84489107131958
205         -0.844954490661621
206         -0.844982266426086
207         -0.845113575458527
208         -0.84524405002594
209         -0.845248579978943
210         -0.845249712467194
211         -0.845352292060852
212         -0.845639824867249
213         -0.845786094665527
214         -0.845841526985168
215         -0.84584641456604
216         -0.845842003822327
